((("L2" .
   [2 0])
  ("L1" .
   [1 0])
  ("args" .
   [1 0 0 0])
  ("x0" .
   [3 0])
  ("plot" .
   [1 0 0 0])
  ("f2" .
   [2 0])
  ("ChiSqure2" .
   [1 0 0 0 0 0 0 0 0])
  ("lambda2" .
   [6 0 1 0 0 0 0])
  ("True" .
   [0 1 0 0])
  ("success" .
   [0 0 0 1 0 0 0])
  ("if" .
   [4 0])
  ("print" .
   [1 0 0 1 0])
  ("p" .
   [6])
  ("fun" .
   [1 0 1])
  ("hist" .
   [1 0 0 0])
  ("append" .
   [0 0 1 0 0 0])
  ("List_ChiSqure" .
   [0 0 0 3 4 0 1 0 0 0 0 0 0])
  ("mle" .
   [3 0 0])
  ("List_" .
   [0 0 0 0 1])
  ("List_lambda1" .
   [0 0 0 0 1 0 0 1 0 0 0 2])
  ("normal" .
   [0 0 0 1 0 0])
  ("random" .
   [0 0 0 0 1 0])
  ("minimize_scalar" .
   [0 0 3 0 0 0 0 0 0 0 0 1 0 0 0])
  ("range" .
   [7 0 0 0 1])
  ("in" .
   [6 0])
  ("for" .
   [8 0 0])
  ("shape" .
   [5 0 0 0 0])
  ("MLE" .
   [7 2 0])
  ("lambda" .
   [4 0 0 0 0 1])
  ("sum" .
   [2 0 0])
  ("ChiSqure" .
   [0 0 0 1 0 0 0 12])
  ("lambda1" .
   [6 0 6 1 0 0 8])
  ("f1" .
   [7 0])
  ("return" .
   [8 2 0 0 0 5])
  ("def" .
   [11 0 0])
  ("sigma" .
   [3 1 3 4 8])
  ("yy" .
   [19 1])
  ("xx" .
   [15 0])
  ("error" .
   [0 0 1 2 1])
  ("data.shape" .
   [1 0 0 0 0 0 0 0 0 0])
  ("data" .
   [4 0 0 0])
  ("delimiter" .
   [0 0 1 0 0 0 0 0 0])
  ("loadtxt" .
   [0 1 0 0 0 0 0])
  ("optimize" .
   [0 0 5 0 1 0 0 0])
  ("scipy" .
   [2 0 4 1 0])
  ("colorbar" .
   [0 0 0 1 0 0 0 0])
  ("arr" .
   [1 0 0])
  ("math" .
   [0 0 0 1])
  ("numpy" .
   [1 0 0 0 1])
  ("as" .
   [6 1])
  ("pyplot" .
   [1 0 1 0 0 1])
  ("import" .
   [6 0 0 0 0 4])
  ("matplotlib" .
   [0 0 0 0 1 1 0 0 0 2])
  ("from" .
   [5 0 0 0])
  ("savefig" .
   [0 0 1 0 0 0 0])
  ("plt" .
   [18 1 0])
  ("x" .
   [17])
  ("linspace" .
   [0 0 0 1 1 0 0 0])
  ("vectorize" .
   [0 0 0 8 0 0 0 0 0])
  ("np" .
   [52 1])
  ("qt5" .
   [1 0 0])
  ("+" .
   [1])
  (">" .
   [1])
  ("GalacticPotential.py" .
   [0 0 0 0 0 0 0 0 0 0 0 0 0 0 0 0 0 0 0 1])
  ("Phi" .
   [4 0 0])
  ("f" .
   [2])
  ("type" .
   [0 0 1 0])
  ("a" .
   [4])
  ("coord" .
   [0 2 1 3 3])
  ("y" .
   [8])
  ("i" .
   [3])
  ("len" .
   [2 0 0])
  ("arange" .
   [0 0 3 0 0 0])
  ("pi" .
   [2 0])
  ("z" .
   [6])
  ("r" .
   [13])
  ("rho" .
   [5 0 0])
  ("Rs" .
   [5 0])
  ("ax" .
   [6 0])
  ("ay" .
   [3 0])
  ("sqrt" .
   [0 0 0 2])
  ("hend" .
   [1 0 0 0])
  ("Rend" .
   [1 0 0 0])
  ("RendS" .
   [1 0 0 2 0])
  ("hendS" .
   [1 0 0 0 0])
  ("cosh" .
   [0 0 0 2])
  ("exp" .
   [1 0 0])
  ("phi" .
   [5 0 0])
  ("y0" .
   [1 0])
  ("z0" .
   [1 0])
  ("logspace" .
   [0 0 2 0 1 0 0 0])
  ("Posterior" .
   [0 0 0 0 0 0 1 0 0])
  ("Backup" .
   [0 0 0 5 0 0])
  ("background_only" .
   [0 0 0 0 0 1 1 0 2 0 0 1 0 0 1])
  ("semilogx" .
   [0 0 0 0 1 0 0 0])
  ("bkg" .
   [5 0 0])
  ("ylim" .
   [0 0 0 1])
  ("load" .
   [1 0 0 0])
  ("format" .
   [1 0 0 0 0 0])
  ("mean" .
   [1 0 0 0])
  ("std" .
   [1 0 0])
  ("background_signal" .
   [0 0 0 0 0 0 0 0 0 0 0 0 0 0 0 0 1])
  ("sgn" .
   [5 0 0])))
